Size 269 
 0.0000000e+00 0.0000000e+00 1.3413824e-07
 0.0000000e+00 9.9288288e-08 1.2576357e-07
 6.3925270e-07 5.8771229e-07 6.1301267e-07
 0.0000000e+00 6.5598530e-07 0.0000000e+00
 4.5294443e-07 5.8156507e-07-1.8705902e-07
 2.9080197e-07 2.8314327e-07-1.0486831e-07
-6.3934030e-08-2.5408506e-07-4.2700394e-07
-4.6822658e-07-4.3604387e-07-4.2704314e-07
-4.6794576e-07-5.0417152e-07-4.8081010e-07
-3.5811738e-07 1.1998342e-07 9.4297856e-08
 0.0000000e+00 0.0000000e+00 0.0000000e+00
 0.0000000e+00 0.0000000e+00 0.0000000e+00
 2.3551445e-07 2.3308221e-07 1.7333709e-07
 6.2934112e-07 6.0611273e-07 5.5838854e-07
 4.7216962e-07 3.3996054e-07 1.9152399e-07
 9.7289878e-08 2.1092229e-07 4.6578889e-07
 6.2571678e-07 5.1178494e-07 2.7872329e-07
 3.5349818e-10 7.8415867e-07 8.0483026e-07
 7.3708896e-07 6.7035175e-07 6.1631805e-07
 5.9023858e-07 5.9040510e-07 0.0000000e+00
 3.7851038e-07 6.3948548e-07 8.4153095e-07
 8.3034050e-07 7.0542340e-07 6.4808419e-07
 6.5447502e-07 6.6877772e-07 6.6769743e-07
 6.4193423e-07 4.9270239e-07 4.6714580e-07
-2.7146275e-08 1.8919447e-07 3.5369646e-07
 3.5389480e-07 1.4280007e-07-2.1066126e-08
-2.0963860e-07-2.4205552e-07 4.0419608e-07
-5.3732027e-09 3.3201117e-07 5.9160053e-07
 4.3180227e-07 3.9704129e-07-8.0999500e-08
 3.9551140e-07 4.6763217e-07 1.4128440e-07
 4.5333870e-07 3.9437103e-07 3.3745520e-09
 4.9349691e-07-3.8296709e-07 5.1428936e-07
 5.8586760e-07 4.7751845e-07 5.2430052e-07
 4.6353051e-07 5.0517089e-07 4.2583694e-07
 5.3921317e-07 5.3078798e-07 5.1468099e-07
 4.8880901e-08 5.2238150e-07 1.1248322e-07
-2.9262115e-08-6.1463797e-08-1.1291699e-07
 3.4990600e-07 5.5036011e-07 5.6118056e-07
 4.0404359e-07 4.7171636e-07 3.3072249e-07
 5.4968197e-07 5.5857861e-07 4.2134119e-07
 2.8094214e-07 5.8639551e-07 5.7123529e-07
 5.0454819e-07 4.8340596e-07 3.1571162e-07
-3.1482019e-07 5.8876289e-07 8.3375900e-08
-2.9125904e-07-7.0657224e-08-1.4822814e-07
-1.7490950e-07 4.5928690e-07 5.4779248e-07
 6.2184063e-07 5.7802628e-07-2.4587869e-07
-7.7442409e-08-2.1916363e-07-1.7094474e-07
-2.3044202e-07 5.7059173e-07-3.2377326e-07
 3.1189959e-07 8.6710245e-08 2.3655595e-07
 1.2617939e-07 5.8536643e-07 6.1752471e-07
 4.1819405e-07 4.7873331e-07 3.2615414e-07
 5.1779101e-07-1.6177556e-07-1.8066467e-07
 5.5953236e-07 1.1827081e-07 1.4928318e-07
 6.0708646e-07 4.6608658e-07 4.8546386e-07
 6.7547989e-08 1.7523001e-07 2.3811256e-07
 2.5440780e-07 3.1736281e-07 5.4509375e-07
 4.5837414e-07 6.7074958e-07-2.6616420e-07
-2.0356420e-07-2.8369383e-07 1.8634097e-07
 5.9688162e-07 2.6034545e-07-8.5610137e-08
-1.6177281e-07-3.2859751e-07 6.1426738e-07
 5.8591822e-07 4.0731768e-07-9.8273974e-08
-7.5517953e-08-3.6752071e-07 5.5568028e-07
 6.3089996e-07 4.6343647e-07 4.4003844e-08
 5.3831928e-07-4.9013053e-08 6.0679288e-08
-3.5201556e-08-3.9675179e-07-1.1919688e-07
-3.9777623e-07 4.3745333e-07 7.4847299e-07
 4.9258793e-07-3.0343844e-07 5.0295625e-07
 5.9951812e-07 4.7965355e-07-1.1101864e-07
 5.2758097e-07 5.2492453e-07-3.1726213e-07
 3.2948927e-07-2.2912001e-07 5.9565718e-07
 5.2144203e-07 3.1548068e-07 9.1677696e-09
 2.7052079e-07-1.4487926e-07 3.2323845e-07
 1.4396345e-07 5.6606096e-07 5.3676898e-07
 4.2443942e-07 5.0808331e-07 4.7172038e-07
-9.0852401e-08 6.9549286e-07-6.2449680e-08
 6.2105668e-07 4.1962919e-07-4.3878960e-09
 6.1328415e-07 3.9113922e-07 4.8445529e-07
 5.6274526e-07 5.8343761e-07 6.0370528e-07
 6.0047124e-07 5.2563276e-07 2.0162270e-07
 4.0852865e-07 1.5822671e-07 4.3355979e-07
 5.5976960e-07 6.4261092e-07 2.3755841e-07
 3.9160191e-07 1.0559785e-07 5.7097446e-07
 6.8446885e-07-2.5869616e-07 9.4559397e-08
 4.0254070e-07 5.8503780e-07 2.1215654e-07
-2.1361968e-07 5.9135115e-07 8.0522259e-08
-1.8077367e-07 3.0977711e-07-3.3818979e-07
 9.1342627e-08 3.5096012e-07 1.1533838e-07
 5.5581733e-07 4.9779344e-08 1.7664424e-07
 2.1946897e-07-2.6126824e-08-1.1934684e-07
 3.9435541e-07-3.6664535e-08
